0,12.3130261898,12.3130261898,12.3130261898
1,7.9236168861,10.1183215380,10.1183215380
2,4.9604182243,8.3990204334,8.3990204334
3,9.4183573723,8.6538546681,8.6538546681
4,4.9887325764,7.9208302498,7.9208302498
5,6.4777357578,7.6803145011,7.6803145011
6,4.9522511959,7.2905911718,7.2905911718
7,4.9230637550,6.9946502447,6.9946502447
8,9.3748953342,7.2591219213,7.2591219213
9,7.8969831467,7.3229080439,7.3229080439
10,5.0120308399,6.5928085089,7.1128282980
11,9.3689353466,6.7373403549,7.3008372188
12,15.3437674046,7.7756752729,7.9195241561
13,4.9245810509,7.3262976408,7.7055996486
14,9.3863348961,7.7660578728,7.8176486651
15,9.3797633648,8.0562606335,7.9152808338
16,6.4540448189,8.2064399958,7.8293257741
17,19.7606704235,9.6902006626,8.4921782547
18,5.0319571495,9.2559068441,8.3100613544
19,10.9468536377,9.5608938932,8.4419009686
20,7.8810527325,9.8477960825,8.4151939097
21,4.9325976372,9.4041623116,8.2568940791
22,10.8434245586,8.9541280270,8.3693519261
23,7.8908598423,9.2507559061,8.3494147559
24,12.4215495586,9.5542773724,8.5123001480
25,6.4989490509,9.2661959410,8.4348635674
26,13.8972649574,10.0105179548,8.6371747299
27,4.9223325253,8.5266841650,8.5045017941
28,16.6788618565,9.6913746357,8.7863762790
29,7.9439182281,9.3910810947,8.7582943439
30,9.3815460205,9.5411304235,8.7783992367
31,33.5514953136,12.4030201912,9.5525584891
32,7.9067852497,12.1093562603,9.5026865728
33,26.9812974930,14.0184000254,10.0167633646
34,10.8624961376,13.8624946833,10.0409271581
35,7.9417567253,14.0067754507,9.9826168683
36,7.8690071106,13.4039496660,9.9254922802
37,4.9221944809,13.4039358616,9.7938265487
38,6.4459233284,12.3806420088,9.7079828764
39,10.8225400448,12.6685041904,9.7358468056
40,16.7827754021,13.4086271286,9.9077231128
41,4.9027528763,10.5437528849,9.7885571548
42,4.9004018307,10.2431145430,9.6748791240
43,12.3794169426,8.7829264879,9.7363458926
44,13.8118689060,9.0778637648,9.8269130707
45,4.9371926785,8.7774073601,9.7206148013
46,5.0261883736,8.4931254864,9.6207333879
47,7.9254786968,8.7934539080,9.5854155819
48,6.3908214569,8.7879437208,9.5202197834
49,6.4667339325,8.3523631096,9.4591500664
50,9.3444585800,7.6085314274,9.4569012137
51,4.9625365734,7.6145097971,9.3704711245
52,7.8797540665,7.9124450207,9.3423443875
53,24.3772315979,9.1122264862,9.6207682248
54,15.3298394680,9.2640235424,9.7245695201
55,13.7944412231,10.1497483969,9.7972458005
56,10.8507611752,10.7322056770,9.8157285264
57,4.9148144722,10.4311392546,9.7312300082
58,12.4062914848,11.0326862574,9.7765700332
59,4.9164550304,10.8776583672,9.6955681165
60,6.4904808998,10.5922605991,9.6430257031
61,24.3447055817,12.5304775000,9.8801495721
62,6.4425559044,12.3867576838,9.8255845933
63,24.4198665619,12.3910211802,10.0536202490
64,19.7025041580,12.8282876492,10.2020646169
65,19.6403896809,13.4128824949,10.3450695421
66,6.4734146595,12.9751478434,10.2872836483
67,5.0223486423,12.9859012604,10.2098581335
68,18.3144817352,13.5767202854,10.3273164466
69,6.4071831703,13.7257930994,10.2713145426
70,29.6350398064,16.0402489901,10.5440430675
71,9.3713598251,14.5429144144,10.5277558002
72,6.4998681545,14.5486456394,10.4725792571
73,7.9403038025,12.9006893635,10.4383593186
74,24.3995425701,13.3703932047,10.6245084286
75,120.2664084435,23.4329950809,12.0671650077
76,111.5968046188,33.9453340769,13.3597577299
77,6.4056017399,34.0836593866,13.2706018839
78,10.9458873272,33.3467999458,13.2411751174
79,53.4077904224,38.0468606710,13.7432578087
80,55.6002633572,40.6433830261,14.2600109636
81,58.7307989597,45.5793269396,14.8023376465
82,12.3627216816,46.1656122923,14.7729446831
83,10.9107518196,46.4626570940,14.7269661966
84,5.0308139324,44.5257842302,14.6128938170
85,7.8615632057,33.2852997065,14.5343899727
86,34.8272356987,25.6083428144,14.7676410730
87,6.4742834568,25.6152109861,14.6733983728
88,107.0870497227,35.2293272257,15.7117540059
89,33.4949452877,33.2380427122,15.9093450202
90,151.8156661987,42.8595829964,17.4028210771
91,18.2657897472,38.8130820751,17.4122011713
92,100.4285829067,47.6196681976,18.3048504373
93,117.0450918674,58.2331022024,19.3552785376
94,24.3577976227,60.1658005714,19.4079366333
95,25.7503197193,61.9546762228,19.4740031237
96,18.3212211132,60.3040747643,19.4621187731
97,18.2701973915,61.4836661577,19.4499563100
98,6.4472973347,51.4196909189,19.3186163204
99,9.3107609749,49.0012724876,19.2185377669
100,47.3565607071,38.5553619385,19.4971320535
101,7.8998842239,37.5187713861,19.3834335453
102,149.8587055206,42.4617836475,20.6501837587
103,7.9676806927,31.5540425301,20.5282366138
104,5.0306313038,29.6213258982,20.3806403728
105,61.8973598480,33.2360299110,20.7723075376
106,18.2719244957,33.2311002493,20.7489394718
107,18.3052878380,33.2346092939,20.7263130678
108,19.7427945137,34.5641590118,20.7172899618
109,18.3139920235,35.4644821167,20.6954417987
110,32.2965750694,33.9584835529,20.7999565129
111,18.3087794781,34.9993730783,20.7777138608
112,9.3662812710,20.9501306534,20.6767277317
113,6.4896252155,20.8023251057,20.5522794640
114,49.5728340149,25.2565453768,20.8046321123
115,5.0343306065,19.5702424526,20.6686812372
116,28.3564066887,20.5786906719,20.7343882923
117,6.5212867260,19.4002905607,20.6139382791
118,15.3026266098,18.9562737703,20.5693054079
119,34.9361922741,20.6184937954,20.6890294651
120,9.4429318905,18.3331294775,20.5960865100
121,9.3892543316,17.4411769629,20.5042272298
122,18.2227902412,18.3268278599,20.4856789616
123,99.5361368656,27.6314790249,21.1231826544
124,16.8497555256,24.3591711760,21.0889952374
125,48.5113089085,28.7068690062,21.3066326474
126,189.0800099373,44.7792293310,22.6276828623
127,77.3221173286,51.8593123913,23.0549831316
128,54.5980949402,55.7888592243,23.2995033782
129,7.9812071323,53.0933607101,23.1816703301
130,112.3187847137,63.3809459925,23.8621063178
131,133.9457609653,75.8365966558,24.6960733984
132,32.2270748615,77.2370251179,24.7526974696
133,27.0457758904,69.9879890203,24.7698099951
134,16.7130444050,69.9743179083,24.7101302500
135,41.3808410168,69.2612711191,24.8327090057
136,26.9806399345,53.0513341188,24.8483873336
137,6.4778788090,45.9669102669,24.7152677066
138,6.5171287060,41.1588136435,24.5843458433
139,13.8732552528,41.7480184555,24.5078380534
140,16.7978143692,32.1959214211,24.4531570343
141,62.9815649986,25.0995018244,24.7244838510
142,46.1684226990,26.4936366081,24.8744414653
143,68.5608251095,30.6451415300,25.1778191295
144,25.7737777233,31.5512148619,25.1819291888
145,55.6706578732,32.9801965475,25.3907560976
146,4.9257762432,30.7747101784,25.2515385475
147,55.6129033566,35.6882126331,25.4566829043
148,4.9428787231,35.5307876348,25.3190063662
149,6.4579854012,34.7892606497,25.1932662265
150,54.4909973145,38.5585789442,25.3872909356
151,15.3025152683,33.7906739712,25.3209437273
152,29.6815183163,32.1419835329,25.3494442148
153,18.2400660515,27.1099076271,25.3032794215
154,30.9895901680,27.6314888716,25.3399652973
155,18.3394403458,23.8983671188,25.2950901374
156,9.3580534458,24.3415948391,25.1935803495
157,7.8797094822,19.5682754517,25.0839988884
158,4.9950997829,19.5734975576,24.9576536110
159,15.2914881706,20.4568478346,24.8972400770
160,13.8740310669,16.3951512098,24.8287729403
161,4.9438548088,15.3592851639,24.7060265320
162,6.4469687939,13.0358302116,24.5940077729
163,41.3539483547,15.3472184420,24.6962025325
164,9.3704788685,13.1853073120,24.6033193588
165,82.4868187904,19.6000451565,24.9520151385
166,6.4559917450,19.3098389864,24.8412605074
167,6.4769778252,19.1695658207,24.7319493010
168,9.3911576271,19.6091716051,24.6411753858
169,30.9509837627,21.1751211643,24.6782919056
170,71.4581837654,26.9335364342,24.9518585247
171,19.7793877125,28.4170897245,24.9217860200
172,4.9573726654,28.2681301117,24.8063847867
173,72.4706008434,31.3797953606,25.0803170629
174,6.4904763699,31.0917951107,24.9740894018
175,5.0380611420,23.3469193459,24.8608165140
176,4.9246046543,23.1937806368,24.7481825486
177,10.8973321915,23.6358160734,24.6703687826
178,4.9150631428,23.1882066250,24.5600039466
179,6.4278991222,20.7358981609,24.4592700309
180,6.4973561764,14.2398154020,24.3600329378
181,83.4272763729,20.6046042681,24.6845782314
182,32.2335569859,23.3322227001,24.7258294814
183,4.9095203876,16.5761146545,24.6181321494
184,7.8896744251,16.7160344601,24.5277080536
185,4.9281399250,16.7050423384,24.4223340314
186,6.5091304779,16.8634949207,24.3265414990
187,6.5046567917,16.4242273808,24.2317442399
188,18.3240861893,17.7651296854,24.2004867899
189,29.7059967518,20.0929394484,24.2294631582
190,30.9224107265,22.5354449034,24.2645047685
191,12.3281364441,15.4255309105,24.2023361834
192,12.4045033455,13.4426255465,24.1412075159
193,10.8596138954,14.0376348972,24.0727456931
194,10.8267703056,14.3313444853,24.0048176142
195,18.3113138676,15.6696618795,23.9757691257
196,15.2374362946,16.5424924612,23.9314121062
197,7.9920001030,16.6912267923,23.8509100254
198,4.9689416885,15.3557123423,23.7560257624
199,7.8576471806,13.1708773851,23.6765338695
200,7.8852162361,10.8671579361,23.5979701002
201,33.5319061279,12.9875349045,23.6471480013
202,10.8845610619,12.8355406761,23.5842781149
203,16.8010530472,13.4296845913,23.5510270116
204,56.6873633862,18.0157438993,23.7126676769
205,4.9755172729,16.6821642399,23.6217106361
206,5.0247104168,15.6608916521,23.5318700553
207,18.2418034077,16.6858719826,23.5064370426
208,6.4949905872,16.8384768724,23.4250425619
209,48.4197340012,20.8946855545,23.5440649021
210,73.4716684818,27.4533307791,23.7806886158
211,6.4397943020,24.7441195965,23.6988919445
212,7.9863121510,24.4542947054,23.6251239642
213,5.0196883678,23.2761582375,23.5381826764
214,74.4414839745,25.0515702963,23.7749422173
215,34.9519388676,28.0492124557,23.8266875722
216,5.0497829914,28.0517197132,23.7401580580
217,7.8796265125,27.0155020237,23.6674033261
218,24.3574235439,28.8017453194,23.6705541034
219,15.2553126812,25.4853031874,23.6323030060
220,13.7656300068,19.5146993399,23.5876574268
221,19.7215108871,20.8428709984,23.5702423523
222,13.8409700394,21.4283367872,23.5266133285
223,5.0018293858,21.4265508890,23.4439134002
224,13.7974379063,15.3621462822,23.4010401758
225,16.7932982445,13.5462822199,23.3718023796
226,9.4548954964,13.9867934704,23.3104944198
227,16.7337119579,14.8722020149,23.2816488826
228,24.3442347050,14.8708831310,23.2862889954
229,4.9388449192,13.8392363548,23.2065174994
230,16.7660384178,14.1392771959,23.1786366376
231,10.9399347305,13.2611195803,23.1258836121
232,5.0339367390,12.3804162502,23.0482357715
233,24.3188333511,14.3121166468,23.0536656757
234,16.7862854004,14.6110013962,23.0269959724
235,29.6074001789,15.8924115896,23.0548790410
236,7.9703400135,15.7439560413,22.9912311970
237,32.2626733780,17.2968521833,23.0301868365
238,59.8648366928,20.8489123821,23.1843067103
239,15.2569627762,21.8807241678,23.1512761106
240,10.8146467209,21.2855849981,23.1000867770
241,32.2820923328,23.4198007584,23.1380289488
242,7.8646216393,23.7028692484,23.0751754207
243,33.6046900749,24.6314549208,23.1183291693
244,6.5107672215,23.6039031029,23.0505432022
245,26.9583845139,23.3390015364,23.0664287360
246,13.8040776253,23.9223752975,23.0289293388
247,7.8824529648,21.4843532562,22.9678548373
248,33.6524565220,18.8631152391,23.0107648842
249,4.9109096527,17.8285099268,22.9383654633
250,42.5289173126,20.9999369860,23.0164154706
251,10.8654735088,18.8582751036,22.9681974470
252,13.8348867893,19.4553016186,22.9320974048
253,12.3765845299,17.3324910641,22.8905402675
254,4.9965171814,17.1810660601,22.8203676280
255,6.4375822544,15.1289858341,22.7563723726
256,10.8923006058,14.8378081322,22.7102086692
257,9.4127080441,14.9908336401,22.6586679691
258,39.0761117935,15.5331991673,22.7220557831
259,9.4128837585,15.9833965778,22.6708666600
260,9.3970398903,12.6702088356,22.6200090861
261,56.5921628475,17.2428777695,22.7496737952
262,19.7817440033,17.8375634909,22.7383888910
263,5.0163636208,17.1015414000,22.6712600074
264,4.9202229977,17.0939119816,22.6042749621
265,55.4763529301,21.9977890491,22.7278542026
266,4.9192583561,21.4004848242,22.6611553417
267,19.7946262360,22.4386766434,22.6504593376
268,41.4632008076,22.6773855448,22.7203951795
269,43.7488412857,26.1109812975,22.7982783132
270,4.9665203094,25.6679293394,22.7324784682
271,19.7235515118,21.9810682058,22.7214162367
272,19.7718405724,21.9800778627,22.7106119303
273,10.8376688957,22.5622083902,22.6672800214
274,7.8662097454,22.8568070650,22.6134579476
275,10.8604278564,18.3952145576,22.5708745053
276,10.9136917591,18.9946578979,22.5287908131
277,10.9675037861,18.1119456530,22.4872034497
278,12.3184120655,15.1974667788,22.4507561687
279,16.8050308228,12.5030857325,22.4305928639
280,77.3487198353,19.7413056850,22.6260310382
281,7.9363057613,18.5625811100,22.5739398138
282,88.7086725235,25.4562643051,22.8076314488
283,43.8037919998,28.7528766155,22.8815615916
284,56.7226715088,33.6385227919,23.0003023281
285,6.4725825787,33.1997382641,22.9425130982
286,18.2188711166,33.9302561998,22.9260544154
287,5.0072851181,33.3342343330,22.8638364664
288,12.3745994568,33.3398530722,22.8275415287
289,6.3980021477,32.2991502047,22.7708879446
290,16.7593660355,26.2402148247,22.7502297937
291,6.4696190357,26.0935461521,22.6944742774
292,42.5430181026,21.4769807100,22.7622167478
293,4.9216327667,17.5887647867,22.7015344894
294,76.3886716366,19.5553647995,22.8835247848
295,86.0855791569,27.5166644573,23.0970452388
296,5.0093011856,26.1957074642,23.0361437436
297,7.9174485207,26.4867238045,22.9854098670
298,10.8610389233,26.3353677511,22.9448601314
299,16.7293367386,27.3685012102,22.9241417201
300,6.4067623615,26.3332408428,22.8692667057
301,34.8257083893,29.1688497782,22.9088575722
302,25.7007744312,27.4846254110,22.9180718192
303,64.0151519775,33.3939773321,23.0532595829
304,55.5623333454,31.3113435030,23.1598467100
305,6.4449605942,23.3472816467,23.1052228992
306,10.9062542915,23.9369769573,23.0654868451
307,144.3294038773,37.5781724930,23.4592008614
308,9.4129965305,37.4333682537,23.4137438894
309,4.9324553013,36.2536801100,23.3541268295
310,30.8945419788,38.7024580717,23.3783725374
311,19.7537600994,37.1952632427,23.3667551898
312,44.9617543221,39.1213612318,23.4357487973
313,103.7407789230,43.0939239264,23.6914973008
314,58.7315223217,43.4108428240,23.8027354755
315,19.7359948158,44.7399462461,23.7898660430
316,19.7830152512,45.6276223421,23.7772261352
317,4.9216823578,31.6868501902,23.7179319724
318,15.3313775063,32.2786882877,23.6916418330
319,6.5060987473,32.4360526323,23.6379370108
320,6.4477336407,29.9913717985,23.5843849754
321,13.7654879093,29.3925445795,23.5538915063
322,55.5844390392,30.4548130512,23.6530572881
323,4.9396605492,20.5747012138,23.5952998907
324,10.9231097698,15.7938599586,23.5563085365
325,25.6913647652,16.3893969536,23.5628577888
326,6.5375616550,15.0648515940,23.5107926630
327,55.5641391277,20.1290972710,23.6085162802
328,9.3838567734,19.5343451977,23.5652802331
329,7.9448609352,19.6782214165,23.5179456292
330,59.8958678246,25.0230348349,23.6278487174
331,10.8663032055,24.7331163645,23.5894103273
332,9.3105969429,20.1057321548,23.5465310078
333,13.8355402946,20.9953201294,23.5174561853
334,13.7743351460,21.2804426670,23.4883722419
335,10.8737249374,19.7986786842,23.4508286487
336,5.0257883072,19.6475013494,23.3961549385
337,8.0029602051,14.8913834572,23.3506129423
338,6.4438490868,14.5973826885,23.3007404825
339,16.7664482594,15.4795414209,23.2815219760
340,24.3817474842,11.9281293869,23.2847484438
341,6.4984202385,11.4913410902,23.2356656128
342,10.8639128208,11.6466726780,23.1995963626
343,10.9412968159,11.3572483301,23.1639617709
344,19.7744727135,11.9572620869,23.1541371650
345,18.2723565102,12.6971252441,23.1400279723
346,16.7484829426,13.8693947077,23.1216085342
347,6.4569916725,13.7147978544,23.0737217041
348,29.6112778187,16.0315407276,23.0924539566
349,29.6431572437,17.3192116261,23.1111702517
350,4.9445981979,15.3754966974,23.0594136362
351,10.8814122677,15.8137959003,23.0248170414
352,46.1228904724,19.3396936655,23.0902506772
353,5.0214514732,18.7477091312,23.0392088715
354,10.8863785267,17.8588997126,23.0049755466
355,16.8217582703,17.7138398886,22.9876069587
356,9.3728225231,16.9762738466,22.9494703076
357,7.9994401932,17.1305186987,22.9077104470
358,7.9828321934,14.9676741362,22.8661369700
359,60.9605166912,18.0994100809,22.9719546914
360,7.9134602547,18.3962962866,22.9302414104
361,90.4666829109,26.3548233509,23.1168061659
362,12.3014347553,22.9726777792,23.0870117543
363,10.8557641506,23.5561090469,23.0534094258
364,7.8909759521,23.2565687895,23.0118685121
365,7.8743293285,22.3618258953,22.9705091155
366,4.9985225201,21.9243958950,22.9215391247
367,44.9585084915,25.6203027248,22.9814221937
368,9.3500306606,25.7570225716,22.9444807532
369,28.2879228592,22.4897631884,22.9589224886
370,110.7790312767,32.7763202906,23.1956343722
371,7.9061694145,24.5202689409,23.1545336599
372,7.9967515469,24.0898006201,23.1138961743
373,9.3429117203,23.9385153770,23.0770753603
374,7.9458265305,23.9440004349,23.0367253634
375,15.3231160641,24.6888791084,23.0162104451
376,10.8890109062,25.2779279470,22.9840428070
377,7.9637310505,21.5784502029,22.9443065325
378,31.0065093040,23.7440980673,22.9655788354
379,10.9458410740,22.0098898888,22.9339479465
380,10.9404463768,12.0260313988,22.9024689398
381,29.6219766140,14.1976121187,22.9200592740
382,27.0432035923,16.1022573233,22.9308246639
383,7.8739054203,15.9553566933,22.8916139367
384,7.9716203213,15.9579360723,22.8528607065
385,4.9633777142,14.9219622374,22.8065148956
386,7.9290566444,14.6259668112,22.7680718511
387,32.2431821823,17.0539119244,22.7924922385
388,101.3356847763,24.0868294716,22.9944027592
389,12.3387343884,24.2261188030,22.9670805326
390,6.3989160061,23.7719657660,22.9247067103
391,4.9478495121,21.3045530558,22.8788473807
392,13.8742296696,19.9876556635,22.8559348674
393,12.2900354862,20.4292686701,22.8291178639
394,12.3599648476,20.8681031227,22.8026136791
395,118.6130807400,32.2330734253,23.0445593030
396,19.7027113438,33.4104388952,23.0361415499
397,62.9905653000,36.4851772070,23.1365295493
398,4.9016280174,26.8417715311,23.0908280417
399,4.9496879578,26.1028668880,23.0454751915
400,7.8878676891,26.2517620564,23.0076756715
401,10.8219985962,26.8391769648,22.9773630420
402,4.9943437576,25.9511883736,22.9327401653
403,19.6641535759,26.6886001825,22.9246496045
404,5.0447459221,25.9570782900,22.8805016941
405,6.3900423050,14.7347744465,22.8398847991
406,16.7570028305,14.4402035952,22.8249391432
407,24.3428428173,10.5754313469,22.8286594953
408,15.3684535027,11.6221138954,22.8104193829
409,7.9606378078,11.9232088804,22.7742004034
410,12.3504714966,12.3694692612,22.7488385326
411,13.8051438332,12.6677837849,22.7271305357
412,5.0188295841,12.6702323675,22.6842532937
413,29.6767735481,13.6714943647,22.7011434393
414,32.2438776493,16.3914075375,22.7241379795
415,47.3261919022,20.4850224972,22.7832775322
416,57.7324759960,24.5825698137,22.8670885597
417,39.0578289032,26.0540684223,22.9058223883
418,54.5565845966,29.9728815317,22.9813612002
419,40.3371157646,33.2105293274,23.0226844254
420,41.4692196846,36.1224041462,23.0665004236
421,6.4180521965,35.3836949825,23.0270491245
422,16.7695286274,36.5587648869,23.0122559319
423,9.3711726665,34.5282047987,22.9800835657
424,4.9960248470,31.8034195185,22.9377681334
425,61.9819486141,33.2689951897,23.0294211392
426,29.6575956345,30.4615071535,23.0449437961
427,7.9130456448,27.3470288277,23.0095888939
428,9.4176759720,22.8331379652,22.9779061132
429,4.9484140873,19.2942677975,22.9359770620
430,25.7700800896,17.7243538380,22.9425527070
431,12.4174091816,18.3242895365,22.9181889489
432,4.9598224163,17.1433189154,22.8767146613
433,32.3070075512,19.4369024038,22.8984434467
434,9.4270362854,19.8800035477,22.8674746946
435,24.3383278847,16.1156414747,22.8708482111
436,12.3770601749,14.3875879288,22.8468349662
437,4.9991497993,14.0961983442,22.8060868265
438,32.2857131958,16.3830020666,22.8276805085
439,15.3348391056,17.4216445684,22.8106513235
440,27.0500512123,17.5496416807,22.8202644751
441,5.0160944462,16.8095102072,22.7799835475
442,9.3624067307,17.2497686386,22.7496955637
443,7.8802282810,14.8070907116,22.7162057725
444,39.0106565952,17.7654527426,22.7528225159
445,13.7631883621,16.7079387903,22.7326663855
446,28.3368492126,18.3039176941,22.7452037073
447,12.3167345524,19.0356761694,22.7219258744
448,16.7958250046,17.4866873503,22.7087274315
449,30.9814102650,19.0513444662,22.7271111711
450,4.9707038403,16.8434097290,22.6877399797
451,4.9615840912,16.8379586935,22.6485228206
452,19.7263321877,17.8743512392,22.6420720687
453,30.9331138134,20.1796397924,22.6603342752
454,6.4171690941,16.9202910423,22.6246350110
455,9.3847482204,16.4824470282,22.5956001716
456,15.3748421669,15.1862463236,22.5797998258
457,24.4055893421,16.3951318026,22.5837862658
458,7.8995199203,15.5055012941,22.5517944001
459,7.9527690411,13.2026371717,22.5200573885
460,10.9012651443,13.7956933022,22.4948539346
461,19.7050497532,15.2700398684,22.4888153974
462,7.9547917843,14.0928858280,22.4574244177
463,6.4200768471,11.6415821314,22.4228611686
464,87.8340618610,19.7832714081,22.5635304174
465,28.2538647652,21.6701830626,22.5757414353
466,4.9200239182,20.6247012377,22.5379347597
467,9.4359550476,19.1277378082,22.5099390766
468,24.3722987175,20.7750156879,22.5139099926
469,44.9789350033,24.4776322842,22.5617079182
470,19.8075175285,25.3682575226,22.5558603802
471,49.5854141712,28.3562939644,22.6131263840
472,5.0396566391,28.0647804499,22.5759731710
473,15.2604310513,28.9488158703,22.5605395378
474,49.7034707069,25.1357567549,22.6176825508
475,10.8323297501,23.3936032534,22.5929234063
476,5.0029048920,23.4018913507,22.5560470572
477,4.9964008331,22.9579359293,22.5193113956
478,6.4947800636,21.1701840639,22.4858572593
479,27.0640542507,19.3786959887,22.4953951697
480,6.4567284584,18.0436170816,22.4620507482
481,64.1373558044,19.4988112450,22.5485140367
482,29.6007728577,21.9549228668,22.5631149867
483,9.4053554535,21.3694153070,22.5359295331
484,9.3879053593,17.3378587723,22.5088202049
485,9.3874247074,17.1933682680,22.4818214487
486,27.0203604698,19.3951138258,22.4911408307
487,10.8919935226,19.9846730947,22.4673720862
488,6.4502439499,19.9802194834,22.4346172229
489,15.3277616501,18.8065902233,22.4201134361
490,13.7818446159,19.5391018391,22.4025202205
491,10.9362926483,14.2189955235,22.3792148799
492,7.8570880890,12.0446270466,22.3497582333
493,7.8540754318,11.8894990444,22.3204147459
494,7.8876636028,11.7394748688,22.2912576728
495,4.9998877048,11.3007211685,22.2563960398
496,48.5134325027,13.4500283718,22.3092270991
497,7.8956115246,13.1503901720,22.2802840960
498,25.7581572533,15.0811815023,22.2872537816
499,4.9979720116,14.0482025385,22.2526752181
500,24.4053177834,15.1105498552,22.2569719099
501,12.3589055538,15.2528111458,22.2372546462
502,12.3105757236,15.6981599092,22.2175196980
503,6.4190318584,15.5546555519,22.1861734920
504,19.6888453960,16.7347737312,22.1812282879
505,98.7690677643,26.1116917372,22.3325876544
506,63.0043020248,27.5607786894,22.4128079983
507,9.3573126793,27.7069488049,22.3871082044
508,12.4321413040,26.3743472099,22.3675503127
509,44.9715521336,30.3717052221,22.4118718849
510,6.4731903076,28.5784924746,22.3806807272
511,10.9101157188,28.4336134911,22.3582772799
512,6.4585876465,27.8484146833,22.3272837328
513,34.8882124424,30.6953327417,22.3517213373
514,4.9336833954,29.2198165417,22.3178999044
515,43.7386302948,23.7167727947,22.3594129478
516,69.6035220623,24.3766947985,22.4507942034
517,30.8774709702,26.5287106276,22.4670619191
518,44.9200315475,29.7774996519,22.5103239030
519,40.2189874649,29.3022431850,22.5443790252
520,25.6584315300,31.2207673073,22.5503560934
521,6.4368293285,30.7734386683,22.5194872682
522,10.8402366638,31.2116035700,22.4971560051
523,10.8218517303,28.8049674988,22.4748748900
524,7.9160568714,29.1032048464,22.4471438081
525,12.3566770554,25.9650095224,22.4279604112
526,7.8952775002,19.7941850662,22.4003841628
527,12.4043297768,17.9468709469,22.3814522416
528,12.3985486031,14.6947226524,22.3625809682
529,12.3106713295,11.9038910389,22.3436151010
530,83.3504941463,17.6730973005,22.4585056453
531,9.3617658615,17.9655909538,22.4338877134
532,5.0406501293,17.3856323004,22.4012549975
533,48.4882912636,21.1522762537,22.4501071253
534,56.6624259949,26.0269131660,22.5140553849
535,5.0216758251,25.2934130430,22.4814203484
536,4.9907925129,25.0029645443,22.4488493468
537,9.4340384007,24.7059354067,22.4246582484
538,24.3875217438,25.9048327208,22.4282999247
539,59.8866326809,30.6624288559,22.4976672075
540,71.5162670612,29.4790061474,22.5882746010
541,9.4470677376,29.4875363350,22.5640288319
542,27.0275599957,31.6862273216,22.5722489629
543,29.6421358585,29.8016117811,22.5852450785
544,6.4523282051,24.7806020021,22.5556433962
545,28.3575890064,27.1141933203,22.5662696702
546,4.9620928764,27.1113233566,22.5340865317
547,41.3725502491,30.3051745415,22.5684632903
548,7.9416887760,28.6605912447,22.5418207137
549,28.2820403576,25.5001320124,22.5522574767
550,12.2923913002,19.5777444363,22.5336370299
551,13.7908432484,20.0121219873,22.5177986354
552,10.8892462254,18.3982906103,22.4967705117
553,7.9450347424,16.2285804987,22.4705038406
554,26.9515476227,18.2785024405,22.4785777934
555,10.8733117580,16.5300747156,22.4577050128
556,64.0992152691,22.4437869549,22.5324653543
557,53.4753637314,23.6540683031,22.5879185772
558,25.6780505180,25.4277044773,22.5934465413
559,41.4102723598,26.7405276775,22.6270480160
560,39.0781831741,29.4191068649,22.6563726776
561,9.4654421806,28.9865667582,22.6329012710
562,12.4434340000,29.1419855356,22.6148027501
563,4.9363231659,28.8411143780,22.5834579282
564,5.0010550022,26.6460651159,22.5523386310
565,7.9392850399,26.3526624441,22.5265205151
566,6.4126465321,20.5840055704,22.4981009842
567,9.4729394913,16.1837631464,22.4751693619
568,15.3018848896,15.1461465836,22.4625625351
569,25.7156674862,13.5766860962,22.4682697367
570,7.9545288086,10.4643206596,22.4428516265
571,29.6772799492,12.4855044365,22.4554992285
572,6.4548032284,11.8866413593,22.4275748027
573,5.0288989544,11.8958989382,22.3972635207
574,10.8570106030,12.4814944983,22.3771935156
575,15.3950314522,13.2270691395,22.3650717065
576,42.6247241497,16.8482769012,22.4001837558
577,6.4050219059,16.5414851427,22.3725104654
578,7.9125471115,15.8025513649,22.3475364354
579,6.4351365566,13.8744982719,22.3201012632
580,7.9101977348,13.8700651646,22.2952993638
581,9.3653013706,11.8388673067,22.2730828724
582,13.8895995617,12.5823469400,22.2587029697
583,9.3656206131,13.0160191059,22.2366257739
584,9.4546835423,12.8757863998,22.2147763000
585,28.3948328495,14.1757665396,22.2253224715
586,9.3436570168,10.8476598263,22.2033775559
587,32.3306870461,13.4402263403,22.2206008714
588,10.9017558098,13.7391472101,22.2013838170
589,13.7301363945,14.4686471939,22.1870257705
590,6.4165942669,14.3192868471,22.1603414532
591,59.8334906101,19.3661057711,22.2239785295
592,10.9392714500,19.0710729599,22.2049486693
593,9.3786475658,19.0723756552,22.1833555698
594,25.7173099518,20.6986382961,22.1892949890
595,19.7282299995,19.8319780111,22.1851656853
596,47.3509101868,23.6327033281,22.2273193612
597,32.3275284767,23.6323874712,22.2442093430
598,7.8676543236,23.3289773226,22.2202084164
599,15.2651188374,23.4824755669,22.2086166004
600,6.4683935642,23.4876554966,22.1824265455
601,10.8797585964,18.5922822952,22.1636513495
602,27.0289340019,20.2012485504,22.1717198116
603,10.9290091991,20.3562847137,22.1531060524
604,4.9667778015,18.2812314987,22.1246988982
605,33.5934345722,19.6677519560,22.1436242046
606,9.4012711048,15.8727880478,22.1226318601
607,4.9922304153,13.1392582417,22.0944568578
608,4.9374001026,12.8462328196,22.0662843508
609,6.4939301014,11.9691139460,22.0407559012
610,9.4166390896,12.2639384985,22.0200944989
611,9.4219858646,12.1181612253,21.9995093540
612,4.9265105724,9.9079188824,21.9716578063
613,6.4510669708,9.4601246595,21.9463799710
614,24.3475635052,11.3982032299,21.9502843345
615,25.6362843513,10.6024882078,21.9562681008
616,13.8133852482,11.0436996222,21.9430705597
617,15.3972132206,12.0841979027,21.9324785575
618,30.9435899258,14.6848168850,21.9470360880
619,4.9263586998,14.5280597448,21.9195833825
620,7.9472675323,14.3811225891,21.8970836791
621,6.3871591091,14.0776399136,21.8721481090
622,7.9085061550,14.3758394718,21.8497345585
623,24.4281084538,16.1735436201,21.8538665680
624,7.9510586262,14.5338931322,21.8316220753
625,4.9436314106,12.4646278381,21.8046444544
626,6.4455225468,11.7278415680,21.7801482472
627,7.9029698372,10.9784172297,21.7580508294
628,15.3325278759,9.4173110247,21.7478353716
629,29.6616139412,11.8908365488,21.7603969249
630,106.2694859505,21.7230583906,21.8943257506
631,10.9318404198,22.1775265217,21.8769800459
632,29.6479716301,24.3514730692,21.8892564939
633,7.9868280888,22.7073450327,21.8673283734
634,30.9042613506,25.0026653051,21.8815597639
635,5.0088000298,25.0091821671,21.8550302675
636,5.0151906013,24.8661489725,21.8285940985
637,9.3669598103,25.0125479698,21.8090617563
638,9.4503750801,24.4243326902,21.7897210886
639,10.8407809734,22.5422493935,21.7726133697
640,73.4562890530,19.2609297037,21.8532431289
641,9.4272933006,19.1104749918,21.8338880669
642,9.4187457561,17.0875524044,21.8145799140
643,7.9400386810,17.0828734636,21.7930355953
644,6.4117527008,14.6336225986,21.7691886451
645,7.8580641747,14.9185490131,21.7476543967
646,10.8555607796,15.5025860310,21.7308196307
647,4.9461085796,15.0605009079,21.7049172988
648,18.2030816078,15.9357715607,21.6995215581
649,6.4020922184,15.4919026852,21.6759870515
650,59.8025035858,14.1265241385,21.7345531291
651,6.4308114052,13.8268759489,21.7110811326
652,27.0352354050,15.5885249138,21.7192345082
653,60.8631010056,20.8808311462,21.7790875151
654,15.3502216339,21.7746780396,21.7692724526
655,49.7092795372,25.9597995758,21.8118639269
656,9.4134314060,25.8155866385,21.7929926445
657,56.5656015873,30.9775359392,21.8458385547
658,5.0192031860,29.6591480970,21.8203049654
659,6.3886151314,29.6578003883,21.7969236172
660,6.5092511177,24.3284751415,21.7737955196
661,33.6544229984,27.0508363008,21.7917420868
662,10.8264629841,25.4299590588,21.7752032043
663,4.9841110706,19.8420600653,21.7499154149
664,12.3557934761,19.5426172495,21.7357889157
665,13.7855291367,15.9502422094,21.7238515888
666,7.8972525597,15.7986243248,21.7031220550
667,25.6628127098,12.7083454370,21.7090497356
668,26.9428169727,14.9007068157,21.7168730050
669,27.0461778641,16.9664630890,21.7248271914
670,47.2811737061,21.0436553478,21.7629141459
671,13.8834483624,19.0665578842,21.7511887504
672,9.4078495502,18.9246965408,21.7328479790
673,16.7876231670,20.1050477505,21.7255108502
674,8.0017032623,19.6696387291,21.7051792834
675,16.7630455494,19.9673903704,21.6978684346
676,9.4179413319,20.1194592476,21.6797296945
677,18.2728564739,19.3804636240,21.6747048077
678,6.3998153210,17.3261634588,21.6522086523
679,40.2123477459,18.6427804470,21.6795029745
680,10.8502569199,14.9996887684,21.6636009980
681,4.9705383778,14.1083977699,21.6391243665
682,7.9266865253,13.9602814674,21.6190475908
683,9.3301599026,13.2145351410,21.6010813807
684,5.0480034351,12.9191651583,21.5769163034
685,5.0343394279,11.7462945461,21.5528017599
686,10.8772885799,11.8922292709,21.5372624394
687,13.8382658958,11.4487702131,21.5260720374
688,9.3635556698,11.7451442480,21.5084196189
689,25.7161118984,10.2955206633,21.5145177237
690,12.3579113483,10.4462861061,21.5012664843
691,7.9184188843,10.7410741568,21.4816380918
692,19.7353250980,11.9219380140,21.4791181597
693,6.4395081997,11.6328728437,21.4574472519
694,9.3471810818,12.0627906084,21.4400224085
695,6.3930680752,12.1986634731,21.4184032213
696,4.9535403252,11.6062886477,21.3947807494
697,7.8748788834,11.0099499464,21.3754112625
698,6.4892218113,10.7225165606,21.3541148541
699,15.3801786900,9.6889232397,21.3455806596
700,15.3457565308,9.9877077579,21.3370217093
701,33.5613160133,12.5519974709,21.3544352340
702,83.3970274925,18.9181677103,21.4426892770
703,9.3449411392,19.2087110043,21.4255049757
704,25.7238752842,20.8463804245,21.4316019549
705,15.2510230541,21.7321759224,21.4228475938
706,4.9524090290,21.7320627928,21.3995513582
707,16.7949023247,22.6240651369,21.3930476166
708,24.4186837673,24.4170113325,21.3973150865
709,25.7580993176,25.4548033953,21.4034570362
710,9.4224531651,24.8624730587,21.3866061165
711,13.8263766766,22.8889791250,21.3759878167
712,6.4791972637,15.1971961021,21.3550947023
713,10.8532328606,15.3480252743,21.3403862124
714,7.8721280098,13.5628505468,21.3215494876
715,6.3979165554,12.6775398970,21.3007064249
716,6.4455416203,12.8268531561,21.2799879244
717,40.1998870373,15.1673516273,21.3063387589
718,5.0091156960,13.2263948202,21.2836722456
719,6.4357271194,11.2941576004,21.2630500995
720,9.4519391060,11.2971061945,21.2466685309
721,18.2270710468,11.7371756315,21.2424862629
722,67.5836279392,17.8476186991,21.3065818946
723,5.0346550941,17.2657609224,21.2841068575
724,7.8778951168,17.2663376331,21.2656155310
725,43.7286620140,20.9994121790,21.2965563664
726,10.9321289062,21.4480709076,21.2822999325
727,15.2661640644,18.9546986103,21.2740360096
728,18.3127508163,20.2850621223,21.2699738900
729,19.6812446117,21.6096138716,21.2677975485
730,5.0051510334,21.1649350643,21.2455504260
731,4.9879698753,19.8410249472,21.2233406165
732,4.9770553112,13.5803676844,21.2011765165
733,13.8268177509,14.4595839500,21.1911297062
734,7.9553544521,14.4673298836,21.1731218487
735,6.5176959038,10.7462332726,21.1532095852
736,7.9578287601,10.4488032579,21.1353054050
737,6.4108014107,9.5632669926,21.1153535026
738,9.4639701843,8.6783889294,21.0995870840
739,12.4334428310,7.9536087513,21.0878760782
740,9.3670182228,8.3897954702,21.0720584563
741,10.8179025650,8.9727887392,21.0582388392
742,7.8841001987,9.2634932280,21.0405078316
743,55.5582816601,13.4366396189,21.0869026889
744,13.8702185154,14.0281260252,21.0772158645
745,9.4292726517,14.3192837000,21.0616019996
746,5.0433514118,14.0278359652,21.0401585584
747,4.9931850433,13.8860743284,21.0187053853
748,47.3287510872,17.6725524187,21.0538322821
749,9.3969817162,17.3689063072,21.0382898146
750,9.4182035923,17.3740248442,21.0228169968
751,5.0488679409,16.7971213818,21.0015750432
752,4.9369084835,16.5024022102,20.9802408247
753,6.5255072117,11.5991247654,20.9610700905
754,10.9183416367,11.3039370775,20.9477684634
755,9.2887673378,11.2898865461,20.9323465042
756,4.9704542160,11.2825968266,20.9112607812
757,7.8634834290,11.5696266651,20.8940473546
758,18.2177522182,8.6585267782,20.8905212741
759,54.5254921913,13.1713778257,20.9347778148
760,13.8126044273,13.6108179092,20.9254188484
761,9.4823076725,14.0541618824,20.9104016422
762,24.3871421814,15.9991852522,20.9149583139
763,7.9382381439,16.1404583454,20.8979730781
764,6.4271290302,15.6913370848,20.8790569421
765,6.4208428860,15.4045446396,20.8601819890
766,7.8982920647,15.6973284245,20.8432825236
767,15.2563045025,16.4366105318,20.8360078127
768,46.1444730759,19.2292826176,20.8689186908
769,6.4855320454,14.4252866030,20.8502389679
770,9.4499158859,13.9890177488,20.8354525566
771,7.9158573151,13.8323727131,20.8187173296
772,27.0387589931,14.0975343943,20.8267639553
773,10.9088525772,14.3945958376,20.8139501163
774,18.2427427769,15.5761572123,20.8106324294
775,4.9267818928,15.4267511129,20.7901635499
776,6.4230825901,15.2792301655,20.7716730982
777,9.3801162243,14.6916113377,20.7570309942
778,9.3757407665,11.0147381067,20.7424208656
779,16.8267583847,12.0488607407,20.7374007855
780,40.2712788582,15.1309970379,20.7624121530
781,15.3552155495,15.8749328613,20.7554975794
782,6.4358289242,13.8146398544,20.7372093691
783,12.3175234795,13.9555069447,20.7264699738
784,63.1291725636,18.4441499233,20.7804861555
785,7.9581730366,18.7472890377,20.7641727800
786,53.4444148540,23.4494222641,20.8056978652
787,18.3219554424,24.3436061859,20.8025459078
788,13.7710483074,24.7831369400,20.7936339971
789,9.3559045792,24.0360515594,20.7791558586
790,30.8875162601,23.0976752996,20.7919350752
791,16.8266959190,23.2448233366,20.7869284602
792,67.6097986698,29.3622203112,20.8459736937
793,9.4421844482,29.0746864080,20.8316112387
794,15.2661108971,24.2883802414,20.8246106094
795,6.4078326225,24.1333462000,20.8064990792
796,15.3076105118,20.3196657658,20.7995995955
797,46.1226599216,23.0997362137,20.8313327538
798,6.3952853680,22.3621599197,20.8132651100
799,4.9571318626,21.9222826481,20.7934449434
800,28.3872034550,21.6722513676,20.8029252911
801,6.4158575535,20.6311675310,20.7849863039
802,16.7756257057,15.5477502346,20.7799933268
803,9.4438388348,15.5479156733,20.7658936322
804,4.9068880081,14.5119933844,20.7461930041
805,15.2482585907,15.3960359812,20.7393717455
806,10.8361923695,14.9488941669,20.7271001478
807,15.2557983398,11.8622080088,20.7203287347
808,16.7613518238,12.8988146544,20.7154350673
809,7.9473104477,13.1978325129,20.6996719505
810,19.7952494621,12.3386371136,20.6985567563
811,30.9159722328,14.7886485815,20.7111397803
812,6.3956015110,13.7506461620,20.6935314921
813,4.9551928043,13.3017815590,20.6741969237
814,7.8677086830,13.5978636265,20.6584834412
815,12.3316001892,13.3061977863,20.6482789274
816,18.2812232971,14.0507008791,20.6453816745
817,6.4288792610,13.1680089712,20.6280020872
818,25.7013440132,14.0620081902,20.6341966439
819,7.8592982292,14.0532069683,20.6186174995
820,9.4923591614,13.0229179382,20.6050654187
821,7.9690346718,10.7282241821,20.5896931185
822,41.4048321247,14.2291472435,20.6149849034
823,55.5790529251,19.2915332556,20.6574170248
824,16.7712504864,20.1818874359,20.6527065199
825,6.4440526962,19.5931326866,20.6355047598
826,9.3540196419,18.7004123211,20.6218633026
827,6.4466698170,18.7021913767,20.6047435037
828,15.2589724064,17.6579542160,20.5982950464
829,25.6686120033,19.4388855934,20.6044038620
830,12.3707647324,19.7267261505,20.5944957524
831,10.8934218884,20.0191648722,20.5828358078
832,4.9400281906,16.3726844788,20.5640569271
833,9.3937036991,11.7541495562,20.5506632182
834,7.8876154423,10.8657860518,20.5354978915
835,13.9010028839,11.6114810705,20.5275618927
836,40.2944085598,14.7055199623,20.5511781970
837,15.3569176197,15.5965447426,20.5449797954
838,7.9856698513,14.8692144871,20.5300104152
839,16.7591249943,13.9782657862,20.5255212659
840,5.0075185299,13.2419411659,20.5070694196
841,10.8935372829,13.2419527054,20.4956519230
842,49.6241676807,17.7103666544,20.5302053225
843,6.4070129395,17.4116975784,20.5134716822
844,30.9307985306,19.7160158873,20.5257998797
845,9.3776319027,19.2636787891,20.5126223761
846,7.9996585846,16.0342037916,20.4978491013
847,15.2504637241,16.0235584021,20.4916611468
848,19.7773811817,17.2027295351,20.4908198277
849,57.6794800758,21.2947650433,20.5345711927
850,55.5511615276,26.3491293430,20.5757187724
851,6.5101568699,25.9107913017,20.5592098969
852,18.1869049072,22.7670650244,20.5564287656
853,6.5149691105,22.7778606415,20.5399867754
854,5.0129909515,20.1860798836,20.5218265464
855,16.8562452793,20.9339412212,20.5175443253
856,16.7582149506,21.8097968578,20.5131577099
857,19.7824034691,22.2629908323,20.5123060150
858,15.2788963318,21.8131423473,20.5062135706
859,18.3177676201,17.8769711018,20.5036688660
860,9.3899338245,13.2608483315,20.4907609276
861,6.4783535004,13.2576679945,20.4745052345
862,6.4564232826,12.0846198320,20.4582618023
863,6.4066848755,12.0737914085,20.4419984031
864,33.6121451855,14.9337068319,20.4572240063
865,9.4873049259,14.1968127966,20.4445566633
866,13.8547196388,13.9064632654,20.4369559285
867,7.9918973446,12.7274126530,20.4226183034
868,19.7604711056,13.1755701303,20.4218563389
869,15.3956289291,12.8833562613,20.4160790660
870,9.3789052963,12.8822534084,20.4034072247
871,40.2530817986,16.2597262383,20.4261706130
872,48.5172851086,20.4658124208,20.4583482928
873,6.4049088955,20.4656348228,20.4422688427
874,9.4593539238,18.0503556967,20.4297169399
875,9.4470391273,18.0463291168,20.4171796365
876,19.7328600883,18.6341431618,20.4163993405
877,6.4927351475,18.4842269421,20.4005409531
878,6.4401333332,17.1521931648,20.3846588056
879,12.3883666992,16.8514669418,20.3755721100
880,67.5569431782,22.6692707300,20.4291264472
881,9.4601757526,19.5899801254,20.4166899952
882,18.2535288334,16.5636044979,20.4142402091
883,43.7659811974,20.2997117281,20.4406562056
884,28.3388531208,22.1876616478,20.4495807219
885,12.3709204197,22.4800497770,20.4404625952
886,7.9386277199,21.3006265402,20.4263680801
887,33.4901199341,24.0003650188,20.4410795124
888,12.3540136814,24.5917530537,20.4319827004
889,10.8305726051,24.4359736443,20.4211945992
890,5.0182533264,18.1821046591,20.4039073475
891,7.8708183765,18.0231689215,20.3898567993
892,12.3192934990,17.4297453880,20.3808192144
893,7.9525849819,13.8484057665,20.3669173864
894,13.8798670769,12.4025071621,20.3596692855
895,10.8559010029,12.2510052204,20.3490624013
896,12.3531305790,12.6924555063,20.3401483190
897,6.3865301609,9.9820965290,20.3246097687
898,18.2712321281,10.5738183737,20.3223257001
899,6.4801080227,10.1387719154,20.3069454583
900,16.7846782207,11.3154144049,20.3030361716
901,28.3408482075,13.3624173880,20.3119472715
902,12.4026932716,13.3707573652,20.3031884077
903,110.8057627678,23.6560751438,20.4033018749
904,29.6318857670,25.2312770128,20.4134992052
905,58.7856400013,30.0242509127,20.4558525614
906,32.2660353184,32.0155413866,20.4688737111
907,4.9644317627,31.8733315468,20.4517983345
908,32.2462902069,33.2708373547,20.4647735731
909,7.9696497917,33.4197915316,20.4510426679
910,41.4487204552,35.8861957550,20.4740917104
911,55.5151259899,38.6036235332,20.5125138971
912,10.9300982952,38.4563640356,20.5020183707
913,24.3790879250,29.8136965513,20.5062602411
914,18.2433302402,28.6748409986,20.5037870936
915,9.3717646599,23.7334534645,20.4916342307
916,6.4333393574,21.1501838684,20.4763034838
917,33.5476169586,24.0085023880,20.4905423874
918,12.4005465508,22.0239280224,20.4817393451
919,4.9455361366,21.7215166569,20.4648521677
920,25.7773852348,20.1543831348,20.4706203904
921,6.4055047035,15.2434210062,20.4553653842
922,13.8256456852,15.5329757452,20.4481825893
923,9.3507425785,14.0301412106,20.4361723729
924,30.9458763599,15.3003958225,20.4475342150
925,24.4219899178,16.8054183483,20.4518262838
926,7.9193925858,16.9540236712,20.4383069378
927,19.7345793247,15.5727199078,20.4375486107
928,31.0513300896,17.4377982616,20.4489735638
929,13.8859152794,18.3318361759,20.4419165119
930,72.5352301598,23.0076206684,20.4978706619
931,5.0275292397,22.8698231220,20.4812715831
932,5.0045194626,21.9877104998,20.4646834244
933,6.4630944729,21.6989456892,20.4496924298
934,4.9805283546,19.1024108887,20.4331478693
935,5.0326032639,17.1634722233,20.4166942960
936,19.7428944111,18.3458224058,20.4159751926
937,4.9934287071,16.8717073441,20.3995332454
938,9.3684434891,14.7034186840,20.3877855459
939,7.9220538139,14.1070325375,20.3745241292
940,6.4313659668,7.4966461182,20.3597067454
941,7.8985469341,7.7837478876,20.3464783379
942,33.6038436890,10.6436803102,20.3605370499
943,29.6331408024,12.9606849432,20.3703597233
944,19.8095984459,14.4435919523,20.3697663252
945,7.9160029888,14.7319319248,20.3566016705
946,9.4283735752,13.7004798412,20.3450618309
947,19.6975939274,15.1708963633,20.3443788479
948,48.4963421822,19.0836862326,20.3740437197
949,6.4621825218,18.9376991034,20.3593996552
950,5.0377466679,18.7983371735,20.3432885585
951,7.9770383835,18.8061863184,20.3302987999
952,19.6821405888,17.4140160084,20.3296186759
953,13.7948722839,15.8301891565,20.3227688369
954,24.3636045456,16.2855897665,20.3270000785
955,10.8312106133,16.5771105289,20.3170672443
956,7.8979027271,16.4240634441,20.3040900609
957,4.9385175705,14.9481558084,20.2880508412
958,33.5199604034,13.4505176306,20.3018484528
959,7.9361705780,13.5979164362,20.2889675384
960,33.6386258602,16.4580043554,20.3028589622
961,12.3850107193,16.8988015890,20.2946283507
962,6.3971810341,15.5703056335,20.2801969413
963,56.6789028645,19.8587086916,20.3179549350
964,9.3540956974,18.3577578068,20.3065934228
965,4.9710578918,17.7717425346,20.2907181272
966,9.3457756042,17.9165298223,20.2793996758
967,46.0466189384,22.0273399591,20.3060187040
968,10.8444390297,19.7597878218,20.2962544319
969,15.2914047241,20.4953112364,20.2910947930
970,15.2902226448,18.6604709148,20.2859445642
971,10.8965952396,18.5116293669,20.2762847398
972,18.2963082790,19.7015420914,20.2742498205
973,40.2411136627,18.0577631712,20.2947496807
974,12.3428165913,18.3566352606,20.2865938519
975,10.9271268845,18.9522421598,20.2770042341
976,15.3070027828,19.5483648777,20.2719172316
977,9.4119391441,15.8848968983,20.2608129595
978,10.8171494007,15.8821679354,20.2511667251
979,12.3192386627,15.5849513292,20.2430729209
980,46.0717713833,18.6631062031,20.2694018694
981,32.2241184711,20.7958585262,20.2815757152
982,25.6901950836,21.5352472067,20.2870778712
983,4.9275369644,18.0038895369,20.2714685817
984,27.0021593571,19.4698238134,20.2783017703
985,10.8544878960,19.4625599146,20.2687441497
986,24.4513559341,20.3769952297,20.2729818517
987,5.0232877731,19.9381300926,20.2575469386
988,10.8447098732,19.9408861399,20.2480294087
989,13.9044241905,20.0994046926,20.2416217267
990,15.2723305225,17.0194606066,20.2366073057
991,18.2312731743,15.6201760769,20.2345857995
992,55.5869462490,18.6098511934,20.2701873710
993,25.7738666534,20.6944841623,20.2757242717
994,4.9177551270,18.4860437393,20.2602891268
995,4.9872639179,17.8993213415,20.2449547641
996,9.3974885941,16.3939346075,20.2340746576
997,75.3920056820,23.4308063984,20.2893431256
998,9.4679660797,23.2931320190,20.2785109163
999,30.9483149052,24.9975210905,20.2891807203
1000,4.9523019791,23.9655182362,20.2738591631
1001,18.3165998459,23.9740509033,20.2719058105
1002,5.0114734173,18.9165036201,20.2566910225
1003,10.9097526073,17.4300922155,20.2473813229
1004,13.8109636307,18.3194130659,20.2409769272
